utc,from_user,to_user,amount,currency,sub_reddit
2021-07-13 19:01:25,u/Jake123194,0x25f9be4b98050e0ac6005a1d3e1de7ff9fa4f1e0b200448cd3187aeedd327302,10.0,DONUT,r/ethtrader
2021-07-13 15:55:10,u/Basoosh,0xc0c5de8927b759062042d64652b8dd9af8c36e21b257857c86ff7124c23dd8a9,100.0,DONUT,r/ethtrader
2021-07-13 12:53:10,u/Jake123194,0x7acd6d35c0319879273225aa5a6507b68311be53b3f45a700c6c1a47f2766831,10.0,DONUT,r/ethtrader
2021-07-13 12:51:55,u/Jake123194,0x871880c754771730adb9e33c2fb077374b89fa40ca9f3001b3d26701f66c7e7a,10.0,DONUT,r/ethtrader
2021-07-13 02:55:10,u/Basoosh,0x637c13516c2c8b61f062ee382d379344657c51a3a36ffa61fe5eac85266f8330,100.0,DONUT,r/ethtrader
2021-07-13 01:10:45,u/rustyben420,0x4b3903427bee1ea921d3180e1d22fca590c6fc50179fa865c5b0b91b1206ebd5,3.0,DONUT,r/ethtrader
2021-07-13 01:10:00,u/rustyben420,0x9c80fe2aeda759a657990c5ad2d9a2c7855a474c31810f3d94434cd43fa60a3b,4.0,DONUT,r/ethtrader
